1656059675950596096
1656059675983929088
1656059676050596352
1656059676083929600
1656059676150596096
1656059676183929600
1656059676250596608
1656059676283930112
1656059676350596608
1656059676383773440
1656059676450440192
1656059676483773440
1656059676517106944
1656059676583773696
1656059676617107200
1656059676683773952
1656059676717107456
1656059676783774208
1656059676817107456
1656059676883850752
1656059676917184256
1656059676983851264
1656059677017184512
1656059677083851264
1656059677117184768
1656059677183851520
1656059677217184768
1656059677283851776
1656059677317185280
1656059677383851776
1656059677417185280
1656059677450518784
1656059677517185792
1656059677550518784
1656059677617185792
1656059677650519040
1656059677717185792
1656059677750519296
1656059677817186048
1656059677883760896
1656059677917094400
1656059677983761408
1656059678017094912
1656059678083761408
1656059678117094656
1656059678183761920
1656059678217094912
1656059678250428416
1656059678317095168
1656059678350428928
1656059678417174016
1656059678450507520
1656059678517174272
1656059678550507520
1656059678617174272
1656059678650508032
1656059678717174528
1656059678750508032
1656059678817174784
1656059678850508544
1656059678883690240
1656059678950356992
1656059678983690496
1656059679050356992
1656059679083690752
1656059679150357504
1656059679183690752
1656059679250357504
1656059679283691008
1656059679350357760
1656059679383789568
1656059679450456320
1656059679483789824
1656059679550456576
1656059679583790080
1656059679650456832
1656059679683790080
1656059679750457088
1656059679783790336
1656059679850456832
1656059679883746304
1656059679950413312
1656059679983746560
1656059680050413312
1656059680083746560
1656059680150413568
1656059680183746816
1656059680250413568
1656059680283747072
1656059680350413824
1656059680383647232
1656059680450313984
1656059680483647488
1656059680550314240
1656059680583647488
1656059680650314496
1656059680683647744
1656059680750314496
1656059680783648000
1656059680850314496
1656059680883630592
1656059680950297088
1656059680983630592
1656059681016963840
1656059681083630592
1656059681116964096
1656059681183630848
1656059681216964608
1656059681283631104
1656059681316964352
1656059681383631360
1656059681416964608
1656059681483631360
1656059681516964864
1656059681583631616
1656059681616965120
1656059681683631872
1656059681716965376
1656059681783632128
1656059681816965376
1656059681883643648
1656059681916976896
1656059681983643648
1656059682016977152
1656059682050310656
1656059682116977152
1656059682150310400
1656059682216977408
1656059682250310912
1656059682316977664
1656059682350311168
1656059682416881920
1656059682450215424
1656059682516882176
1656059682550215424
1656059682616882432
1656059682650215680
1656059682716882432
1656059682750215680
1656059682816882688
1656059682883622656
1656059682916956160
1656059682983622912
1656059683016956416
1656059683083623168
1656059683116956672
1656059683183623680
1656059683216956928
1656059683283623424
1656059683316956928
1656059683383623936
1656059683416957440
1656059683483623936
1656059683516957440
1656059683550290944
1656059683616957696
1656059683683624448
1656059683716957696
1656059683750291456
1656059683816957952
1656059683850291456
1656059683916958208
1656059683950291712
1656059684016958464
1656059684050291712
1656059684116958720
1656059684150291968
1656059684216958720
1656059684250292224
1656059684316958976
1656059684350292224
1656059684383625728
1656059684450292480
1656059684483626240
1656059684550292736
1656059684583626240
1656059684650292992
1656059684683626240
1656059684716959744
1656059684783626496
1656059684850293248
1656059684883626752
1656059684916855552
1656059684983522304
1656059685016855552
1656059685083522560
1656059685116855808
1656059685183522560
1656059685216856064
1656059685283522816
1656059685316856064
1656059685383523328
1656059685416838400
1656059685483505408
1656059685516838656
1656059685550172160
1656059685616838912
1656059685650172416
1656059685716839168
1656059685750172416
1656059685783505920
1656059685850172672
1656059685883506176
1656059685950190592
1656059685983523840
1656059686050190592
1656059686083524096
1656059686150191104
1656059686183524096
1656059686250190848
1656059686283524608
1656059686350191104
1656059686383524608
1656059686416859136
1656059686483525888
1656059686516859392
1656059686583526144
1656059686616859648
1656059686683526400
1656059686716859904
1656059686750193152
1656059686816859904
1656059686850193408
1656059686916816384
1656059686950149888
1656059687016816640
1656059687050150144
1656059687116816896
1656059687150150400
1656059687216817152
1656059687250150400
1656059687316817408
1656059687350150656
1656059687416908288
1656059687450241792
1656059687516908288
1656059687550241792
1656059687616908800
1656059687650242048
1656059687683575296
1656059687750242304
1656059687816909056
1656059687850242560
1656059687883575808
1656059687950187520
1656059687983520768
1656059688050187520
1656059688083521024
1656059688150187776
1656059688183521280
1656059688250188032
1656059688283521536
1656059688316854784
1656059688383521536
1656059688416855040
1656059688483521792
1656059688516855296
1656059688583522048
1656059688616855040
1656059688683522304
1656059688716855552
1656059688783522304
1656059688816855552
1656059688883522560
1656059688916737280
1656059688950070528
1656059689016737792
1656059689050070784
1656059689116737536
1656059689150071040
1656059689216737792
1656059689250071296
1656059689316738048
1656059689350071552
1656059689416763648
1656059689450096640
1656059689516763648
1656059689550096896
1656059689583430656
1656059689650097152
1656059689683430400
1656059689750097408
1656059689783430912
1656059689850097408
1656059689883430912
1656059689950030592
1656059689983364096
1656059690050030592
1656059690083364352
1656059690116697600
1656059690183364352
1656059690216697600
1656059690283364608
1656059690316698112
1656059690383364608
1656059690416658944
1656059690483325696
1656059690516658944
1656059690583325952
1656059690616659200
1656059690683325952
1656059690716659456
1656059690749992704
1656059690816659712
1656059690849992960
1656059690916719616
1656059690950053120
1656059691016720128
1656059691050053632
1656059691116720128
1656059691150053632
1656059691216720640
1656059691250053632
1656059691316720640
1656059691350054144
1656059691416725760
1656059691450059520
1656059691483393024
1656059691550059520
1656059691583392768
1656059691650060032
1656059691683393024
1656059691750059776
1656059691783393280
1656059691850060032
1656059691883393536
1656059691949955072
1656059691983288064
1656059692049955072
1656059692083288320
1656059692149955072
1656059692216622080
1656059692249955328
1656059692283288832
1656059692349955584
1656059692383289088
1656059692449992704
1656059692483325952
1656059692549992960
1656059692583326208
1656059692649992960
1656059692683326464
1656059692749992960
1656059692783326720
1656059692849993472
1656059692883326720
1656059692949900288
1656059692983233792
1656059693049900544
1656059693083233792
1656059693116567296
1656059693183234304
1656059693216567552
1656059693283234304
1656059693316567552
1656059693383234560
1656059693416583168
1656059693483249920
1656059693516583168
1656059693549916416
1656059693616583680
1656059693649916928
1656059693716583424
1656059693749916928
1656059693816583936
1656059693849917184
1656059693916626688
1656059693949959936
1656059694016627200
1656059694049960192
1656059694116626944
1656059694149960448
1656059694216627200
1656059694249960704
1656059694316627456
1656059694349960960
1656059694416585984
1656059694449919232
1656059694516586240
1656059694549919488
1656059694616586240
1656059694649919744
1656059694716586240
1656059694749920000
1656059694816586752
1656059694849920256
1656059694883253248
1656059694949920256
1656059694983253760
1656059695049920512
1656059695083253760
1656059695149920768
1656059695183254016
1656059695249921024
1656059695283254272
1656059695349921280
1656059695383254784
1656059695449910016
1656059695483243520
1656059695516576768
1656059695583243776
1656059695616577024
1656059695683244032
1656059695716577536
1656059695783244032
1656059695816577792
1656059695883244544
1656059695916577792
1656059695983244544
1656059696016578048
1656059696083244544
1656059696116578048
1656059696149911552
1656059696216578560
1656059696249911552
1656059696316578560
1656059696349911808
1656059696416578560
1656059696449912064
1656059696516578816
1656059696549912576
1656059696616579072
1656059696649912576
1656059696716579328
1656059696749912832
1656059696816579584
1656059696849912832
1656059696916579840
1656059696949795840
1656059697016462592
1656059697049796096
1656059697116462848
1656059697149796352
1656059697216463104
1656059697249796352
1656059697316463360
1656059697349796864
1656059697383130112
1656059697449793280
1656059697483126528
1656059697549793536
1656059697583126784
1656059697649793280
1656059697683127040
1656059697749793792
1656059697816460288
1656059697849793792
1656059697916460800
1656059697949740288
1656059698016407296
1656059698049740800
1656059698083074048
1656059698149740800
1656059698183074304
1656059698249741056
1656059698283074304
1656059698349741312
1656059698383074560
1656059698449709568
1656059698483043072
1656059698549709824
1656059698583043328
1656059698649709824
1656059698683043840
1656059698716377088
1656059698783043840
1656059698816377088
1656059698883044096
1656059698916377600
1656059698983147264
1656059699016481024
1656059699083147776
1656059699116481280
1656059699183148032
1656059699216481280
1656059699249814784
1656059699316481536
1656059699349814784
1656059699416481792
1656059699449735936
1656059699516402944
1656059699549735936
1656059699583069440
1656059699649736448
1656059699716403200
1656059699749736704
1656059699816403712
1656059699849737216
1656059699883070208
1656059699949721344
1656059700016388096
1656059700049721600
1656059700083055104
1656059700149721600
1656059700183055104
1656059700249722112
1656059700283055360
1656059700349721856
1656059700383055360
1656059700449796608
1656059700483130112
1656059700549796864
1656059700583130368
1656059700649797120
1656059700683130624
1656059700716463872
1656059700783130624
1656059700816464128
1656059700883130880
1656059700916464384
1656059700983037184
1656059701016370176
1656059701083037440
1656059701116370688
1656059701183037184
1656059701216370944
1656059701283037696
1656059701316371200
1656059701383037696
1656059701416371200
1656059701449667328
1656059701516334336
1656059701549667840
1656059701616334336
1656059701649668096
1656059701716335104
1656059701749668352
1656059701816335104
1656059701849668608
1656059701883002112
1656059701949751552
1656059701983084800
1656059702049751808
1656059702083085056
1656059702116418560
1656059702183085312
1656059702216418816
1656059702283085568
1656059702316419072
1656059702383086080
1656059702416419328
1656059702482954240
1656059702516287744
1656059702582954752
1656059702616288256
1656059702682954752
1656059702716288256
1656059702749621504
1656059702849621760
1656059702882955264
1656059702916288512
1656059702982955520
1656059703016288768
1656059703082955520
1656059703116289024
1656059703182955776
1656059703216289280
1656059703282956032
1656059703316289536
1656059703382956288
1656059703416289536
1656059703449635584
1656059703516302336
1656059703549635584
1656059703616302592
1656059703649635840
1656059703716302592
1656059703749635840
1656059703816302848
1656059703849636352
1656059703916303104
1656059703949549824
1656059704016216576
1656059704049549824
1656059704082883328
1656059704149550080
1656059704182883584
1656059704249550336
1656059704282883840
1656059704349550592
1656059704382883840
1656059704449530368
1656059704482863616
1656059704549530368
1656059704582863872
1656059704616197120
1656059704682863872
1656059704716197376
1656059704782864128
1656059704816197888
1656059704882864384
1656059704916197888
1656059704982902016
1656059705016235520
1656059705082902528
1656059705116235776
1656059705182902528
1656059705216235776
1656059705282902784
1656059705316236032
1656059705349569536
1656059705416236288
1656059705449555456
1656059705516222464
1656059705549555712
1656059705616222464
1656059705649555968
1656059705716222720
1656059705749556224
1656059705816222976
1656059705849556224
1656059705882889728
1656059705949556224
1656059705982889984
1656059706049556736
1656059706082890240
1656059706149556992
1656059706182890240
1656059706216223744
1656059706282890240
1656059706316224000
1656059706382891008
1656059706416224512
1656059706482891008
1656059706516224512
1656059706582891520
1656059706616224512
1656059706682891264
1656059706716225024
1656059706782891776
1656059706816225024
1656059706882891776
1656059706916225280
1656059706949558784
1656059707016206080
1656059707049539584
1656059707116206336
1656059707149539840
1656059707216206592
1656059707249539840
1656059707282873344
1656059707349540096
1656059707416206848
1656059707449540352
1656059707482915584
1656059707549582336
1656059707582915584
1656059707649582592
1656059707682915584
1656059707749582592
1656059707816249344
1656059707882916096
1656059707916249600
1656059707982782720
1656059708016115968
1656059708049449472
1656059708116116224
1656059708149449472
1656059708216116480
1656059708249449728
1656059708316116480
1656059708349449984
1656059708416116736
1656059708449450240
1656059708516157184
1656059708549490688
1656059708616157440
1656059708649490944
1656059708716157696
1656059708749490944
1656059708816157696
1656059708849491456
1656059708882824448
1656059708949491456
1656059708982717184
1656059709049384192
1656059709082717696
1656059709149384192
1656059709182717696
1656059709249384704
1656059709282717952
1656059709349384704
1656059709382718208
1656059709449384960
1656059709482786048
1656059709516119552
1656059709582786048
1656059709616119552
1656059709682786560
1656059709716119808
1656059709782786560
1656059709816119808
1656059709882786816
1656059709916120064
1656059709982802432
1656059710016135680
1656059710049468928
1656059710116135936
1656059710149469440
1656059710216135936
1656059710249469440
1656059710316136448
1656059710349469696
1656059710416136448
1656059710449469696
1656059710516161024
1656059710549494016
1656059710616160768
1656059710649494528
1656059710716161280
1656059710749494528
1656059710816161280
1656059710849495040
1656059710882828288
1656059710949494784
1656059710982727168
1656059711049393920
1656059711082727680
1656059711149394176
1656059711182727680
1656059711216061184
1656059711282727680
1656059711316061184
1656059711382728192
1656059711416061696
1656059711482789632
1656059711516122880
1656059711582789888
1656059711616123136
1656059711649456384
1656059711716123392
1656059711749456896
1656059711816123392
1656059711849456896
1656059711916124160
1656059711949457152
1656059712015924736
1656059712049257984
1656059712115924736
1656059712149258496
1656059712215924992
1656059712249258240
1656059712315925248
1656059712349258752
1656059712382592000
1656059712449258752
1656059712515969280
1656059712549302784
1656059712582636032
1656059712649303040
1656059712682636288
1656059712749303040
1656059712815970048
1656059712849303296
1656059712915970048
1656059712949303296
1656059713015960832
1656059713049294592
1656059713115961344
1656059713149294336
1656059713182627840
1656059713249294848
1656059713282628352
1656059713349294848
1656059713382628352
1656059713449295360
1656059713482561792
1656059713549228800
1656059713582562048
1656059713649228800
1656059713682562304
1656059713749229056
1656059713782562560
1656059713849229312
1656059713882562816
1656059713949229568
1656059713982678528
1656059714016012032
1656059714082678784
1656059714116012288
1656059714182679040
1656059714216012288
1656059714282679296
1656059714316012288
1656059714349346048
1656059714416012800
1656059714449346304
1656059714516012800
1656059714549346304
1656059714616013568
1656059714649346816
1656059714716013312
1656059714749347072
1656059714782680576
1656059714849347072
1656059714882680320
1656059714949347584
1656059714982567168
1656059715049233920
1656059715082567424
1656059715149234176
1656059715182567680
1656059715249234432
1656059715282567680
1656059715349234688
1656059715382567936
1656059715449234688
1656059715482643968
1656059715549310720
1656059715582643968
1656059715615977216
1656059715682644480
1656059715715977728
1656059715782644224
1656059715815977728
1656059715882644736
1656059715915977984
1656059715982488320
1656059716015821568
1656059716082488576
1656059716115821824
1656059716182488832
1656059716215822080
1656059716282488832
1656059716315822336
1656059716382489088
1656059716415822592
1656059716449155840
1656059716515826688
1656059716549160192
1656059716615826944
1656059716649160448
1656059716715827200
1656059716749160704
1656059716815827456
1656059716849160704
1656059716915827712
1656059716949160704
1656059717015777280
1656059717049110784
1656059717115777792
1656059717149111040
1656059717215777792
1656059717249111296
1656059717282444800
1656059717349111296
1656059717382444800
1656059717449111808
1656059717482444288
1656059717549111040
1656059717582444544
1656059717649111296
1656059717682444544
1656059717715778048
1656059717782445056
1656059717815778304
1656059717882445056
1656059717915778304
1656059717982496512
1656059718015829760
1656059718082496768
1656059718115830272
1656059718182496768
1656059718215830272
1656059718282497280
1656059718315830784
1656059718382497280
1656059718415830528
1656059718482497536
1656059718515830784
1656059718582497536
1656059718615831040
1656059718682497792
1656059718715831296
1656059718749164544
1656059718815831296
1656059718849164800
1656059718915831552
1656059718949165056
1656059718982498304
1656059719049200128
1656059719082533120
1656059719149199872
1656059719182533376
1656059719249200384
1656059719282533632
1656059719315866880
1656059719382534144
1656059719415867392
1656059719482533888
1656059719515732736
1656059719582399488
1656059719615732992
1656059719682399744
1656059719715732992
1656059719749066240
1656059719815733248
1656059719849066752
1656059719915733248
1656059719949066752
1656059720015780096
1656059720049113600
1656059720115780608
1656059720149113856
1656059720215780608
1656059720249114112
1656059720282447616
1656059720349114112
1656059720382447360
1656059720449114624
1656059720482447872
1656059720549078528
1656059720582412032
1656059720649078528
1656059720682412032
1656059720749079040
1656059720782412032
1656059720849079040
1656059720882412544
1656059720949079040
1656059720982412544
1656059721049079296
1656059721082413056
1656059721115746048
1656059721182413056
1656059721215746304
1656059721282413056
1656059721315746560
1656059721382413312
1656059721415746816
1656059721482413568
1656059721515660544
1656059721582327040
1656059721615660544
1656059721682327296
1656059721715660544
1656059721748994048
1656059721815661056
1656059721848994304
1656059721915661056
1656059721948994304
1656059722015706112
1656059722049039616
1656059722115706368
1656059722149039872
1656059722215706624
1656059722249040128
1656059722282373376
1656059722349040128
1656059722382373632
1656059722449040384
1656059722515651328
1656059722548984832
1656059722582318080
1656059722648984832
1656059722682318336
1656059722748984832
1656059722782318336
1656059722848985088
1656059722882318848
1656059722948985344
1656059722982318848
1656059723048904704
1656059723082237696
1656059723115571200
1656059723182238208
1656059723215571712
1656059723282238208
1656059723315571712
1656059723382238720
1656059723415571968
1656059723482238720
1656059723515696640
1656059723582363392
1656059723615696896
1656059723649030400
1656059723715697408
1656059723749030656
1656059723815697152
1656059723849030656
1656059723915697664
1656059723949031168
1656059724015683072
1656059724049016832
1656059724082349824
1656059724149016576
1656059724182350080
1656059724249016832
1656059724282350336
1656059724349017088
1656059724382350592
1656059724449017344
1656059724482350592
1656059724548882432
1656059724582215680
1656059724615549440
1656059724682216448
1656059724715549952
1656059724782216448
1656059724815549952
1656059724882216704
1656059724915549952
1656059724982216960
1656059725015590912
1656059725082257408
1656059725115591168
1656059725148924416
1656059725215591168
1656059725248924416
1656059725315591424
1656059725348925184
1656059725415591680
1656059725448925184
1656059725515577600
1656059725548910848
1656059725615577856
1656059725648911360
1656059725715577856
1656059725748911360
1656059725782244864
1656059725848911872
1656059725882244864
1656059725948911616
1656059725982245120
1656059726048935168
1656059726082268416
1656059726148935424
1656059726182269184
1656059726248935936
1656059726282268928
1656059726348936192
1656059726382269440
1656059726448935936
1656059726482269440
1656059726548868352
1656059726582201856
1656059726648868864
1656059726682202112
1656059726715535360
1656059726782202368
1656059726815535872
1656059726882202368
1656059726915535872
1656059726982202880
1656059727015480320
1656059727082147328
1656059727115480320
1656059727148814080
1656059727215480832
1656059727248814592
1656059727315481088
1656059727348814592
1656059727415481600
1656059727448814592
1656059727515545600
1656059727548879104
1656059727615546112
1656059727648879616
1656059727715546112
1656059727748879616
1656059727815546624
1656059727848879616
1656059727915546624
1656059727948879872
1656059728015546624
1656059728048880128
1656059728115546880
1656059728148880384
1656059728215547136
1656059728248880384
1656059728315547392
1656059728348880640
1656059728415547392
1656059728448880896
1656059728515462400
1656059728548795904
1656059728615462656
1656059728648796160
1656059728715462912
1656059728748796160
1656059728782129664
1656059728848796416
1656059728882129920
1656059728948796672
1656059728982130176
1656059729048856832
1656059729082190080
1656059729148856576
1656059729182190080
1656059729248857088
1656059729282190592
1656059729348857088
1656059729382190592
1656059729415524096
1656059729482190592
1656059729515385600
1656059729582052352
1656059729615385856
1656059729682052608
1656059729715386112
1656059729782053120
1656059729815386368
1656059729882053376
1656059729915386368
1656059729948719872
1656059730015472640
1656059730048806144
1656059730115473152
1656059730148806144
1656059730215472896
1656059730248806400
1656059730282139904
1656059730348806656
1656059730382139904
1656059730448806912
1656059730515390464
1656059730548723712
1656059730582057216
1656059730648723968
1656059730715390720
1656059730748724224
1656059730782057728
1656059730848724480
1656059730882057728
1656059730948724992
1656059730982057984
1656059731048724992
1656059731082058496
1656059731148724992
1656059731182058496
1656059731248725504
1656059731282058752
1656059731348725504
1656059731382058752
1656059731448725760
1656059731482059008
1656059731548725760
1656059731582059264
1656059731648726272
1656059731682059520
1656059731748726272
1656059731782059776
1656059731848726528
1656059731882059776
1656059731948726528
1656059731982060288
1656059732048661760
1656059732081995264
1656059732115328256
1656059732181995264
1656059732215328768
1656059732281995264
1656059732348662016
1656059732381995776
1656059732448662272
1656059732481995776
1656059732548707328
1656059732582040832
1656059732615374080
1656059732682040576
1656059732715374336
1656059732782041088
1656059732815374592
1656059732882041088
1656059732915374848
1656059732982041600
1656059733015374848
1656059733081952256
1656059733115285760
1656059733181952512
1656059733215286272
1656059733281952768
1656059733315286272
1656059733348619776
1656059733415286272
1656059733448619776
1656059733515286784
1656059733548642048
1656059733615308800
1656059733648642304
1656059733715309056
1656059733748642560
1656059733815309312
1656059733848642560
1656059733915309312
1656059733948643072
1656059734015309568
1656059734048603136
1656059734115269888
1656059734148603136
1656059734181936384
1656059734248603392
1656059734281937152
1656059734348603648
1656059734381937152
1656059734448604160
1656059734481937408
1656059734548691200
1656059734582024448
1656059734648691200
1656059734682024704
1656059734748691456
1656059734782024960
1656059734815358208
1656059734882025216
1656059734915358464
1656059734982025216
1656059735015358720
1656059735081904384
1656059735115237632
1656059735181904640
1656059735215238144
1656059735281904896
1656059735315237888
1656059735348571648
1656059735415238400
1656059735448572160
1656059735515238656
1656059735548558336
1656059735615225088
1656059735648558336
1656059735715225344
1656059735748558592
1656059735815225344
1656059735848558848
1656059735881892096
1656059735948559104
1656059735981892352
1656059736048576768
1656059736081910528
1656059736148577536
1656059736181911040
1656059736248577536
1656059736281911040
1656059736348578048
1656059736381911296
1656059736448578048
1656059736481911296
1656059736515245056
1656059736581934336
1656059736615267328
1656059736681934336
1656059736715267584
1656059736781934336
1656059736815267840
1656059736881934592
1656059736915268096
1656059736981934848
1656059737015268352
1656059737048473856
1656059737115140608
1656059737148474112
1656059737215140864
1656059737248474368
1656059737315141120
1656059737348474624
1656059737415141376
1656059737448474624
1656059737481808128
1656059737548505856
1656059737581839360
1656059737648506112
1656059737681839360
1656059737748506368
1656059737781839616
1656059737848506368
1656059737881839872
1656059737948506624
1656059737981840128
1656059738048527360
1656059738081860864
1656059738115194112
1656059738181860864
1656059738215194368
1656059738281861120
1656059738315194624
1656059738381861376
1656059738415194624
1656059738481861632
1656059738515194880
1656059738581770752
1656059738615103744
1656059738648437248
1656059738715104000
1656059738748437504
1656059738815104256
1656059738848437504
1656059738915104512
1656059738948437760
1656059739015104512
1656059739048514560
1656059739115181568
1656059739148515072
1656059739215181568
1656059739248514816
1656059739315182080
1656059739348515328
1656059739415181824
1656059739448515328
1656059739515182336
1656059739548426240
1656059739581759232
1656059739648426240
1656059739681759488
1656059739748426240
1656059739781759744
1656059739848426496
1656059739881760000
1656059739948426752
1656059739981760000
1656059740015093504
1656059740081804544
1656059740115138048
1656059740181804544
1656059740215138304
1656059740281805312
1656059740315138048
1656059740381805312
1656059740415138816
1656059740448472320
1656059740515138816
1656059740548424704
1656059740615091456
1656059740648424960
1656059740681758464
1656059740748424960
1656059740781758464
1656059740848425472
1656059740881758720
1656059740948425472
1656059740981758720
1656059741048476160
1656059741091808768
1656059741158475776
1656059741191809280
1656059741225142784
1656059741291809280
1656059741325142784
1656059741391809792
1656059741425142784
1656059741491809792
1656059741525143040
1656059741591695360
1656059741625028864
1656059741658362368
1656059741725028864
1656059741758362368
1656059741825029120
1656059741858362624
1656059741925029376
1656059741958362880
1656059741991696128
1656059742058362880
1656059742091696384
1656059742158363136
1656059742191696640
1656059742258363136
1656059742291696896
1656059742325030144
1656059742391697408
1656059742425030400
1656059742491697408
1656059742525030912
1656059742558354688
1656059742625021184
1656059742658354432
1656059742725021696
1656059742758354688
1656059742825021440
1656059742891688448
1656059742925021696
1656059742958355200
1656059743025021952
1656059743058257408
1656059743124924416
1656059743158257408
1656059743224924416
1656059743258257920
1656059743291591424
1656059743358257920
1656059743391591424
1656059743458258688
1656059743491591936
1656059743558258432
1656059743591592192
1656059743658258944
1656059743691592192
1656059743724925440
1656059743791592704
1656059743824925952
1656059743891592448
1656059743924925952
1656059743991592960
1656059744024926208
1656059744058259456
1656059744124991744
1656059744158325248
1656059744224992000
1656059744258325504
1656059744291658752
1656059744358325760
1656059744391659008
1656059744458325504
1656059744491659264
1656059744524992768
1656059744591558400
1656059744624891392
1656059744691558656
1656059744724891904
1656059744791558656
1656059744824892160
1656059744858225664
1656059744924892416
1656059744958225664
1656059745024892416
1656059745058225920
1656059745091619840
1656059745158286336
1656059745191619584
1656059745258286592
1656059745291620096
1656059745324953344
1656059745391620096
1656059745424953600
1656059745491620352
1656059745524953600
1656059745558287104
1656059745624858624
1656059745658192128
1656059745691525376
1656059745759224576
1656059745792917760
1656059745860419840
1656059745894089472
1656059745961324544
1656059745994832128
1656059746028432384
1656059746095536640
1656059746129044224
1656059746162481920
1656059746229357824
1656059746262818560
1656059746329670912
1656059746363074048
1656059746396511744
1656059746463306240
1656059746496709376
1656059746563480320
1656059746596779520
1656059746630217472
1656059746696988928
1656059746730380032
1656059746797150976
1656059746830531072
1656059746897302272
1656059746930635520
1656059746964015360
1656059747030728704
1656059747064073472
1656059747097468416
1656059747164134912
1656059747197479936
1656059747230848000
1656059747297515008
1656059747330860032
1656059747397538304
1656059747430894848
1656059747464205056
1656059747530872064
1656059747564170240
1656059747597516544
1656059747664136704
1656059747697435392
1656059747763997696
1656059747830618112
1656059747863928320
1656059747897238528
1656059747963801088
1656059747997099520
1656059748030409728
1656059748096934144
1656059748130256128
1656059748196864768
1656059748230163456
1656059748263415552
1656059748329978112
1656059748363253248
1656059748396575232
1656059748463184128
1656059748496482560
1656059748563079936
1656059748596350720
1656059748629660672
1656059748696315904
1656059748729626112
1656059748762982656
1656059748829649408
1656059748862971648
1656059748929696000
1656059748963041024
1656059748996363264
1656059749063029760
1656059749096311552
1656059749129621760
1656059749196288512
1656059749229587200
1656059749296265472
1656059749329552640
1656059749362920704
1656059749429575936
1656059749462897920
1656059749529564672
1656059749562909696
1656059749629590784
1656059749662924032
1656059749696257536
1656059749762924544
1656059749796257792
1656059749829591040
1656059749896199936
1656059749929521920
1656059749996188416
1656059750029533440
1656059750062797312
1656059750129501696
1656059750162776832
1656059750229455360
1656059750262812160
1656059750329548288
1656059750362904832
1656059750396273152
1656059750462939904
1656059750496250112
1656059750562928384
1656059750596182528
1656059750629516032
1656059750696113152
1656059750729400064
1656059750762710272
1656059750829319168
1656059750862606336
1656059750929284864
1656059750962513664
1656059750995811840
1656059751062270464
1656059751095568640
1656059751162027008
1656059751195313664
1656059751228542720
1656059751295058688
1656059751328276224
1656059751394861824
1656059751428148736
1656059751461377536
1656059751527893760
1656059751561076224
1656059751594214912
1656059751660614912
1656059751693890304
1656059751760290304
1656059751793403392
1656059751826562816
1656059751892695808
1656059751925727744
1656059751991339264
1656059752024672512
1656059752058005760
1656059752124686592
1656059752158020096
1656059752224686848
1656059752258020096
1656059752291353344
1656059752358020352
1656059752391353856
1656059752458020352
1656059752491353856
1656059752558020864
1656059752591379200
1656059752658045952
1656059752691379456
1656059752724712960
1656059752791379712
1656059752858046464
1656059752891379712
1656059752924713216
1656059752991379968
1656059753024713472
1656059753091281152
1656059753124614656
1656059753191281664
1656059753224615168
1656059753257948160
1656059753324614912
1656059753357948416
1656059753424615424
1656059753457948672
1656059753524615424
1656059753557948928
1656059753591282432
1656059753657948928
1656059753691282432
1656059753724615936
1656059753791282688
1656059753824615936
1656059753892674816
1656059753926565120
1656059753960258048
1656059754027586048
1656059754061221120
1656059754094834688
1656059754161999616
1656059754195518976
1656059754262499072
1656059754295925504
1656059754329409024
1656059754396261632
1656059754429629696
1656059754463044608
1656059754529815808
1656059754563207424
1656059754629851648
1656059754663208448
1656059754696576256
1656059754763289856
1656059754796600064
1656059754829956608
1656059754896623360
1656059754929945088
1656059754996611840
1656059755029945344
1656059755063278848
1656059755129945600
1656059755163278848
1656059755196612352
1656059755263325440
1656059755296670464
1656059755363337216
1656059755396670464
1656059755463337472
1656059755496624640
1656059755529946368
1656059755596466432
1656059755629753344
1656059755663017216
1656059755729568256
1656059755762796800
1656059755829069312
1656059755862193920
1656059755895318784
1656059755961625600
1656059755994704128
1656059756060953088
1656059756094054400
1656059756127179008
1656059756193277440
1656059756226367232
1656059756292732416
1656059756325903616
1656059756359086336
1656059756425521152
1656059756457833472
1656059756524500480
1656059756557833728
1656059756591167232
1656059756657833984
1656059756691167232
1656059756757833984
1656059756791167488
1656059756824500992
1656059756891167744
1656059756924500992
1656059756991168000
1656059757024501248
1656059757057834752
1656059757124491264
1656059757157824768
1656059757224491520
1656059757257824768
1656059757324491776
1656059757357825024
1656059757424491520
1656059757457825280
1656059757491158784
1656059757557825536
1656059757591158528
1656059757657797120
1656059757691130368
1656059757757797120
1656059757791130624
1656059757857797376
1656059757891130880
1656059757924464128
1656059757991130880
1656059758024464384
1656059758091131136
1656059758124514304
1656059758191181056
1656059758224514816
1656059758291181312
1656059758324514560
1656059758357848064
1656059758424515072
1656059758457848320
1656059758524515072
1656059758557848576
1656059758624471296
1656059758657804544
1656059758724471552
1656059758757804544
1656059758824471552
1656059758857805312
1656059758924471808
1656059758957805312
1656059758991138816
1656059759057805568
1656059759091138816
1656059759157791488
1656059759191124992
1656059759257791744
1656059759291125248
1656059759357792256
1656059759391125248
1656059759457792256
1656059759491125504
1656059759557792256
1656059759591125760
1656059759624332800
1656059759690999552
1656059759724332800
1656059759790999808
1656059759824333056
1656059759890999808
1656059759924333312
1656059759991000064
1656059760024333568
1656059760091000320
1656059760124396800
1656059760157730304
1656059760224397056
1656059760257730560
1656059760324397312
1656059760357730816
1656059760424397568
1656059760457730816
1656059760524397824
1656059760557730816
1656059760624389888
1656059760657723392
1656059760724390144
1656059760757723648
1656059760824390400
1656059760857723904
1656059760924390656
1656059760957723904
1656059761024390656
1656059761057724160
1656059761124400896
1656059761157734400
1656059761224401152
1656059761257734656
1656059761324401408
1656059761357734656
1656059761424401664
1656059761457734912
1656059761524401664
1656059761557735168
1656059761624370432
1656059761657703936
1656059761724370688
1656059761757703936
1656059761824370944
1656059761857704192
1656059761924371200
1656059761957704192
1656059762024371200
1656059762057704704
1656059762124371200
1656059762157704960
1656059762224371968
1656059762257705216
1656059762324371968
1656059762357705472
1656059762424372224
1656059762457705472
1656059762524372224
1656059762557705984
1656059762624320512